{
 "cells": [
  {
   "cell_type": "markdown",
   "id": "d9f5fef5",
   "metadata": {},
   "source": [
    "## Matrix Operations"
   ]
  },
  {
   "cell_type": "code",
   "execution_count": 140,
   "id": "7e7f97d8",
   "metadata": {},
   "outputs": [
    {
     "name": "stdout",
     "output_type": "stream",
     "text": [
      " == Matrix Multiplication == \n",
      "\n",
      "A.dot(B): \n",
      " [[16 17 19]\n",
      " [24 27 28]\n",
      " [32 37 37]] \n",
      "\n",
      "np.dot(A,B): \n",
      " [[16 17 19]\n",
      " [24 27 28]\n",
      " [32 37 37]] \n",
      "\n",
      "A@B: \n",
      " [[16 17 19]\n",
      " [24 27 28]\n",
      " [32 37 37]] \n",
      "\n",
      "np.matmul(A,B): \n",
      " [[16 17 19]\n",
      " [24 27 28]\n",
      " [32 37 37]] \n",
      "\n",
      "\n",
      "== Inverse of a Matrix ==\n",
      "np.linalg.inv(A): \n",
      " [[ 0.07272727 -0.12727273  0.34545455]\n",
      " [ 0.25454545  0.05454545 -0.29090909]\n",
      " [-0.23636364  0.16363636  0.12727273]] \n",
      "\n"
     ]
    }
   ],
   "source": [
    "import numpy as np \n",
    "import time\n",
    "\n",
    "# MATRIX MULTIPLICATION\n",
    "\n",
    "A = np.array([[1,2,3],\n",
    "                    [2,3,4],\n",
    "                    [3,4,5]])\n",
    "\n",
    "B = np.array([[3,4,1],\n",
    "                    [2,5,6],\n",
    "                    [3,1,2]])\n",
    "\n",
    "print (\" == Matrix Multiplication == \\n\")\n",
    "\n",
    "print (\"A.dot(B): \\n\",  A.dot(B), \"\\n\")\n",
    "\n",
    "print(\"np.dot(A,B): \\n\", np.dot(A,B), \"\\n\")\n",
    "\n",
    "print (\"A@B: \\n\", A@B, \"\\n\")\n",
    "\n",
    "print (\"np.matmul(A,B): \\n\", np.matmul(A,B), \"\\n\")\n",
    "\n",
    "# INVERSE OF A MATRIX\n",
    "print ( \"\\n== Inverse of a Matrix ==\")\n",
    "print(\"np.linalg.inv(A): \\n\", np.linalg.inv(B), \"\\n\") #will raise an error if the matrix is singular\n"
   ]
  },
  {
   "cell_type": "code",
   "execution_count": 144,
   "id": "ddd6c39b",
   "metadata": {},
   "outputs": [
    {
     "name": "stdout",
     "output_type": "stream",
     "text": [
      "== Eigen values of a Matrix ==\n",
      "\n",
      "np.linalg.eigvals(A):  [ 9.62347538e+00 -6.23475383e-01  5.02863969e-16]\n",
      "\n",
      "np.linalg.matrix_power(A,n): \n",
      " [[14 20 26]\n",
      " [20 29 38]\n",
      " [26 38 50]]\n"
     ]
    }
   ],
   "source": [
    "# Eigen values of a Matrix\n",
    "print(\"== Eigen values of a Matrix ==\\n\")\n",
    "\n",
    "print(\"np.linalg.eigvals(A): \", np.linalg.eigvals(A) )\n",
    "\n",
    "\n",
    "#Matrix raised to the power n\n",
    "print(\"\\nnp.linalg.matrix_power(A,n): \\n\", np.linalg.matrix_power(A,2))\n",
    "\n"
   ]
  },
  {
   "cell_type": "markdown",
   "id": "59d3f824",
   "metadata": {},
   "source": [
    "### Decomposition"
   ]
  },
  {
   "cell_type": "code",
   "execution_count": 164,
   "id": "b90d2995",
   "metadata": {},
   "outputs": [
    {
     "name": "stdout",
     "output_type": "stream",
     "text": [
      "[[0 7 1 5]\n",
      " [5 9 2 1]\n",
      " [2 4 6 5]\n",
      " [5 2 4 3]]\n",
      "\n",
      "np.linalg.qr(A): \n",
      " QRResult(Q=array([[ 0.        ,  0.80032673, -0.05528263,  0.59701001],\n",
      "       [-0.68041382,  0.36205257,  0.45799187, -0.44294291],\n",
      "       [-0.27216553,  0.19055398, -0.88092646, -0.33702178],\n",
      "       [-0.68041382, -0.43827416, -0.10562128,  0.57775163]]), R=array([[-7.34846923, -8.5732141 , -5.71547607, -4.0824829 ],\n",
      "       [ 0.        ,  8.74642784,  0.91465912,  4.00163365],\n",
      "       [ 0.        ,  0.        , -4.84734278, -4.53991742],\n",
      "       [ 0.        ,  0.        ,  0.        ,  2.59025312]])) \n",
      " Q = \n",
      " [[ 0.          0.80032673 -0.05528263  0.59701001]\n",
      " [-0.68041382  0.36205257  0.45799187 -0.44294291]\n",
      " [-0.27216553  0.19055398 -0.88092646 -0.33702178]\n",
      " [-0.68041382 -0.43827416 -0.10562128  0.57775163]] \n",
      " R = \n",
      " [[-7.34846923 -8.5732141  -5.71547607 -4.0824829 ]\n",
      " [ 0.          8.74642784  0.91465912  4.00163365]\n",
      " [ 0.          0.         -4.84734278 -4.53991742]\n",
      " [ 0.          0.          0.          2.59025312]]\n"
     ]
    }
   ],
   "source": [
    "A = np.array([[0, 7, 1, 5],\n",
    "              [5, 9, 2, 1],\n",
    "              [2, 4, 6, 5],\n",
    "              [5, 2, 4, 3]])\n",
    "print(A)\n",
    "\n",
    "#QR Decomposition\n",
    "QR = np.linalg.qr(A) # can get both as Q,R = np.linalg.qr(A)\n",
    "print(\"\\nnp.linalg.qr(A): \\n\", QR,\"\\n Q = \\n\", QR[0],\"\\n R = \\n\", QR[1])\n",
    "# QR[0] for Q, QR[1] for R\n",
    "\n"
   ]
  },
  {
   "cell_type": "code",
   "execution_count": 171,
   "id": "257412a7",
   "metadata": {},
   "outputs": [
    {
     "name": "stdout",
     "output_type": "stream",
     "text": [
      "Singular Values of A:  [15.93535166  6.1411657   5.17828606  1.59248382]\n",
      "SVD Decomposition of A: \n",
      " SVDResult(U=array([[-0.47555805,  0.3562869 , -0.67747255,  0.43351486],\n",
      "       [-0.60368357,  0.52980757,  0.53584918, -0.2602609 ],\n",
      "       [-0.50967006, -0.55619421, -0.30626037, -0.58059368],\n",
      "       [-0.3868425 , -0.53198833,  0.40012646,  0.63815368]]), S=array([15.93535166,  6.1411657 ,  5.17828606,  1.59248382]), Vh=array([[-0.37476239, -0.72633626, -0.39461417, -0.41984336],\n",
      "       [-0.18291189,  0.64703073, -0.65935634, -0.33636839],\n",
      "       [ 0.78546404, -0.06651887,  0.03035164, -0.61457324],\n",
      "       [ 0.45732116, -0.22217585, -0.63922426,  0.57696412]]))\n"
     ]
    }
   ],
   "source": [
    "# Singular Values of A\n",
    "singular_values = np.linalg.svdvals(A)\n",
    "print(\"Singular Values of A: \", singular_values)\n",
    "\n",
    "# SVD\n",
    "SVD = np.linalg.svd(A)\n",
    "print(\"SVD Decomposition of A: \\n\", SVD)\n",
    "\n"
   ]
  },
  {
   "cell_type": "markdown",
   "id": "700d17d4",
   "metadata": {},
   "source": [
    "## Eigen values and vectors"
   ]
  },
  {
   "cell_type": "code",
   "execution_count": 180,
   "id": "9a32e78f",
   "metadata": {},
   "outputs": [
    {
     "name": "stdout",
     "output_type": "stream",
     "text": [
      "EigResult(eigenvalues=array([15.55830526, -5.28281446,  1.60427015,  6.12023905]), eigenvectors=array([[-0.42951279, -0.80115562, -0.45305101, -0.08815015],\n",
      "       [-0.56315165,  0.26996604,  0.2036716 , -0.50852509],\n",
      "       [-0.55426146, -0.17700865,  0.66081023,  0.72285908],\n",
      "       [-0.4372336 ,  0.50392058, -0.56266553,  0.45946331]]))\n",
      "17.916472867168917\n",
      "17.916472867168917\n"
     ]
    }
   ],
   "source": [
    "#Eigen values and vector for a square matrix\n",
    "square_matrix = np.linalg.eig(A) #If the matrix is not a square matrix it will give error\n",
    "print(square_matrix)\n",
    "\n",
    "\n",
    "# Norm, Length\n",
    "print(np.linalg.norm(A)) #for both matrix and vectors\n",
    "print(np.linalg.matrix_norm(A)) #for matrix\n"
   ]
  },
  {
   "cell_type": "code",
   "execution_count": null,
   "id": "85330c7a",
   "metadata": {},
   "outputs": [
    {
     "data": {
      "text/plain": [
       "np.float64(-807.0000000000002)"
      ]
     },
     "execution_count": 181,
     "metadata": {},
     "output_type": "execute_result"
    }
   ],
   "source": [
    "#Determinent of array or matrix\n",
    "np.linalg.det(A)"
   ]
  },
  {
   "cell_type": "code",
   "execution_count": 183,
   "id": "d41429f7",
   "metadata": {},
   "outputs": [
    {
     "data": {
      "text/plain": [
       "np.int64(4)"
      ]
     },
     "execution_count": 183,
     "metadata": {},
     "output_type": "execute_result"
    }
   ],
   "source": [
    "#Rank of a matrix\n",
    "np.linalg.matrix_rank(A)"
   ]
  },
  {
   "cell_type": "code",
   "execution_count": 188,
   "id": "610707b6",
   "metadata": {},
   "outputs": [
    {
     "data": {
      "text/plain": [
       "np.int64(18)"
      ]
     },
     "execution_count": 188,
     "metadata": {},
     "output_type": "execute_result"
    }
   ],
   "source": [
    "#trace \n",
    "np.trace(A) #for arrays\n",
    "\n",
    "np.linalg.trace(A) #for matrix"
   ]
  },
  {
   "cell_type": "markdown",
   "id": "01cc3928",
   "metadata": {},
   "source": [
    "\n",
    "## Solving System of Linear Equations"
   ]
  },
  {
   "cell_type": "code",
   "execution_count": 206,
   "id": "9d281dc8",
   "metadata": {},
   "outputs": [
    {
     "name": "stdout",
     "output_type": "stream",
     "text": [
      "Solution for System of equation:  [1. 1. 1.]\n",
      "Is solution correct:  True\n",
      "Least square solution:  (array([1., 1., 1.]), array([], dtype=float64), np.int32(3), array([5.92139653, 2.90659926, 1.22014092]))\n"
     ]
    }
   ],
   "source": [
    "A = np.array([[1,-1,2],\n",
    "              [2,1,4],\n",
    "              [4,-1,1]])\n",
    "B = np.array([2,7,4])\n",
    "x = np.linalg.solve(A,B,) #for solution\n",
    "print(\"Solution for System of equation: \", x)\n",
    "\n",
    "y = np.allclose(np.dot(A,x), B) #to check, return boolean\n",
    "print(\"Is solution correct: \", y)\n",
    "\n",
    "#solving least square solution\n",
    "least_sq = np.linalg.lstsq(A,B)\n",
    "print(\"Least square solution: \", least_sq)\n",
    "\n"
   ]
  },
  {
   "cell_type": "markdown",
   "id": "098d932c",
   "metadata": {},
   "source": [
    "## Other operations"
   ]
  },
  {
   "cell_type": "code",
   "execution_count": 212,
   "id": "33e7fa91",
   "metadata": {},
   "outputs": [
    {
     "name": "stdout",
     "output_type": "stream",
     "text": [
      "Diagonals : [1 1 1]\n",
      "[1 1 1]\n",
      "[[ 1  2  4]\n",
      " [-1  1 -1]\n",
      " [ 2  4  1]] \n",
      "\n",
      " [[ 1  2  4]\n",
      " [-1  1 -1]\n",
      " [ 2  4  1]]\n"
     ]
    }
   ],
   "source": [
    "#diagonal\n",
    "diag = np.diagonal(A)\n",
    "print(\"Diagonals :\", diag)\n",
    "\n",
    "print(np.linalg.diagonal(A))\n",
    "\n",
    "#Transpose \n",
    "transpose1 = A.T\n",
    "transpose2 = np.linalg.matrix_transpose(A)\n",
    "\n",
    "print(transpose1, \"\\n\\n\", transpose2)"
   ]
  },
  {
   "cell_type": "code",
   "execution_count": 256,
   "id": "da19c128",
   "metadata": {},
   "outputs": [
    {
     "name": "stdout",
     "output_type": "stream",
     "text": [
      "[[2.33333333 2.16666667 2.16666667]\n",
      " [2.16666667 2.33333333 0.83333333]\n",
      " [2.16666667 0.83333333 6.33333333]]\n"
     ]
    }
   ],
   "source": [
    "#covariance of a matrix\n",
    "cov = np.cov(A)\n",
    "print(cov)\n"
   ]
  },
  {
   "cell_type": "markdown",
   "id": "28a2c7cc",
   "metadata": {},
   "source": [
    "## Statistics"
   ]
  },
  {
   "cell_type": "code",
   "execution_count": null,
   "id": "57c11d8a",
   "metadata": {},
   "outputs": [
    {
     "data": {
      "text/plain": [
       "np.float64(1.0)"
      ]
     },
     "execution_count": 255,
     "metadata": {},
     "output_type": "execute_result"
    }
   ],
   "source": [
    "np.median(A) #can do along a axis too, np.median(A,0/1)\n",
    "np.average(A)\n",
    "np.mean(A)\n",
    "#standard deviation\n",
    "np.std(A)\n",
    "#variance\n",
    "np.var(A)\n",
    "\n",
    "#while ignoring nan - values\n",
    "np.nanmedian(A)\n",
    "np.nanmean(A)\n",
    "np.nanstd(A)\n",
    "np.nanvar(A)\n"
   ]
  }
 ],
 "metadata": {
  "kernelspec": {
   "display_name": "venv",
   "language": "python",
   "name": "python3"
  },
  "language_info": {
   "codemirror_mode": {
    "name": "ipython",
    "version": 3
   },
   "file_extension": ".py",
   "mimetype": "text/x-python",
   "name": "python",
   "nbconvert_exporter": "python",
   "pygments_lexer": "ipython3",
   "version": "3.12.7"
  }
 },
 "nbformat": 4,
 "nbformat_minor": 5
}
